13633
40569
58968
76607
40257
32534
26547
28590
66598
4603
42583
26749
25577
13580
59445
70694
78708
62261
8275
76800
9442
31233
40815
44461
47885
18451
26932
18691
42392
52766
46800
23924
11365
9567
26329
3702
61195
75235
39539
1736
5777
59368
67008
37572
31351
68146
27351
15873
28897
19980
78489
38372
55462
79941
41392
22220
52671
10936
54050
49166
69668
44152
5219
45740
28204
49043
10198
56563
26667
4940
75589
65271
10932
74358
6285
23542
66608
17064
26118
44003
6817
41378
55370
37631
45862
14245
23912
50151
67143
7368
66594
8730
12514
77262
48475
46401
50859
47034
5785
55251
8115
9047
67412
9699
76949
27739
26443
8238
79661
46329
78478
3193
25009
48986
76058
11235
23962
56092
49116
57727
61860
3405
26953
59932
69323
51113
32742
2651
27089
5408
44051
48262
37467
75651
74281
4978
20750
3975
21804
42205
25256
51835
42620
36139
49333
7530
66180
19975
64541
358
71254
29781
38536
30729
3751
64063
73485
15352
71147
33021
64774
54039
7610
4641
8050
67152
27866
12571
27275
78637
31018
52546
42052
6223
41575
35715
58506
26310
49809
21798
76857
47922
15745
72121
3102
63768
33069
9685
24923
32035
40408
38640
71463
20360
75314
72714
38233
78057
15076
8505
22528
25854
10241
24072
1620
69933
48577
35768
72306
14886
71246
64881
13585
23476
42715
32471
48942
2981
71695
34408
37294
5356
69697
11513
5127
30087
886
74725
61882
2511
25482
51390
1730
48210
6715
28418
25498
46367
65582
74791
21394
27200
15450
61189
49234
77115
763
49390
73062
16032
19998
78731
74653
44296
47580
31375
22313
73491
49069
41124
6267
66607
90
58109
4506
31094
36764
18341
55309
28447
36921
56425
45932
34800
53477
71972
52732
49756
31663
44339
67801
76003
70176
73359
74364
76954
48991
58959
9074
1962
17246
4301
4672
8271
56905
44761
61315
66751
60555
36111
3379
50689
38692
15092
37720
46440
554
17717
5612
73804
49807
65388
27349
25738
25456
27377
30664
39198
42859
23888
37581
40383
18029
1098
20989
36954
23653
33266
63949
27348
45191
19051
3515
59423
65299
5590
65223
2483
16461
45994
19835
28460
29579
38057
24650
73668
12897
48739
29646
2718
18375
54026
1589
59851
14435
51563
5217
62068
71191
68009
53119
64177
53503
39948
10324
43166
54439
14567
52655
41240
5332
36744
78764
10281
13120
16712
25668
58204
63833
50385
63572
3468
16591
79729
24696
25274
50256
61345
70035
78987
47651
44116
70674
1576
31610
67731
37308
66989
55493
55842
15177
26408
16640
29568
14168
13904
46454
71171
19387
13860
33174
51702
65302
4375
51584
27817
77401
75825
35950
61061
36340
7491
61457
66353
12570
79512
71609
24388
12774
14467
6120
40785
59856
61198
63590
3477
7091
26713
27190
78363
66879
43984
45662
49995
29484
16772
15292
21227
66176
71911
50474
59689
37862
52386
17153
50590
15851
67405
246
3653
22036
26392
64828
16508
1770
63442
15146
44918
5687
2685
79899
32551
57080
14686
35839
25262
77406
51204
2492
51156
52367
28255
43709
21456
17481
10566
36315
35608
58821
63695
47906
37813
63564
10731
6252
5746
73669
39260
15775
52202
77947
47547
78113
54980
44915
46391
46325
26934
24019
28093
49611
72115
1722
78180
70111
45035
68542
9420
21682
2986
25565
41996
30665
30696
58931
37956
51193
21554
6248
31059
60313
526
28624
3583
24181
59752
69518
63973
75298
39727
18743
79749
39552
67583
47600
53402
74118
50532
66644
55052
43560
859
42521
25441
56674
16561
32489
17283
27061
54572
34744
2407
74223
32045
34821
18564
22241
22390
57602
55549
717
47537
49551
45367
2171
21417
17394
34960
24192
58846
28686
69767
63069
45525
13747
46174
11316
6818
3179
51022
21478
48547
78701
77304
64948
64784
32306
52760
71345
28280
50068
25799
1507
33133
18764
18180
4131
46241
12438
6787
16891
4819
45219
37920
78090
62458
22798
13865
11588
48498
8102
15941
76843
26425
39246
25751
73592
38507
34943
46964
44861
21855
21774
51700
12128
63997
75986
52453
1399
33190
43456
62262
29017
34184
1172
46579
14621
24568
73813
37065
47109
47690
56116
40521
1629
74408
51197
65971
3921
58618
15947
25409
12536
5312
76712
69599
6324
69043
73603
45451
73000
56117
19430
25367
69195
56664
65641
58686
40750
57847
77540
43479
23030
11060
47641
8825
29798
54043
62438
9285
73367
67294
36620
31225
37791
52376
63349
23595
79389
50934
61562
75701
60836
12820
15165
13137
33200
38078
31815
79204
10823
51971
4374
32718
63439
44206
48677
78418
57214
13033
100
25790
10843
38815
39141
62077
72129
72059
16869
20766
71211
75190
33893
74269
37198
39319
58217
65346
66187
39017
8544
59642
24325
70457
22628
65104
27988
33142
63687
7846
72367
41746
33935
36963
13082
33739
64869
37599
60633
60371
18215
55075
27033
37951
69085
27308
37111
595
62006
6764
62772
47905
11313
32606
79211
57567
13182
59432
2775
60334
30936
7982
72043
21280
32752
17191
61639
54751
47699
70225
66943
48672
59227
76589
58774
39945
43591
75599
3860
55813
45164
21328
40575
26342
16435
18452
63603
75978
23044
63914
44635
51843
71654
28311
43927
32858
31120
27568
39980
15957
10046
17973
61072
49407
18907
13783
9995
75976
76928
76385
28113
50178
23997
29714
40087
59906
57200
40397
25514
72124
31195
21920
34889
13849
37668
32294
40972
5343
26450
42844
61693
42303
11662
39876
58660
76406
78593
23107
74438
28776
24385
65726
35386
71003
61680
35519
60264
50238
5493
25999
942
23492
52460
28813
78761
35756
43289
52086
63440
60092
50994
13096
27640
50906
68633
58140
57342
54663
30155
70904
36190
56741
35589
35734
22185
9907
3887
58840
32802
53693
27540
71864
33993
60055
43196
19928
573
55503
57821
4443
44884
1085
45602
4708
28559
9519
22502
19393
8437
45199
24725
48829
46052
12496
58374
35388
31412
68341
69962
72330
24547
242
2521
46792
61944
11359
68788
14474
61799
38032
11398
63129
66913
22009
5947
18056
14905
24992
8602
55027
31159
62070
49298
71894
74331
50890
21178
27241
60698
71745
42515
41992
29766
11312
16504
78172
44982
52047
665
57914
18665
23572
79622
73166
48456
32853
37098
22314
19644
13870
36913
32885
44697
65467
26542
53906
52832
35857
60206
24794
47353
4447
67565
52286
46740
65689
53937
48655
75694
53548
38187
19164
44054
57753
19794
77518
71905
50860
69139
59107
12311
73296
75348
65101
12688
59577
55429
19105
67031
15437
38921
46384
37850
41927
8210
16188
8433
36914
78923
48371
62682
65048
26280
27761
36491
11829
23807
31769
5310
75530
49091
38948
15816
25988
31585
33676
3471
55988
19496
40760
51677
75313
25245
62503
51073
12222
75440
12781
17515
36972
42854
19377
55364
23019
10512
16755
24692
51299
17315
19072
76693
29956
36271
37124
43987
59571
10819
23941
40729
67342
42435
39579
70278
11194
54471
32962
7182
36381
16974
72941
77532
62600
53865
68848
63853
3890
57809
32066
53714
7715
35069
67226
71104
44449
71074
592
49189
66903
34633
29735
4283
38321
39598
74386
34043
28780
23384
1716
72696
24588
37205
4221
25040
331
31996
24935
15636
31101
48940
54499
45056
29999
45995
50891
76952
28574
66454
49982
15272
53542
48770
8993
53608
23816
35887
77742
54916
53560
59032
45501
52941
19628
66184
40751
15325
50894
26195
27743
30310
70599
51681
79121
61
45195
61051
5464
68091
45485
61421
39934
15120
62258
70795
24880
53574
70066
61497
57604
77593
67083
14619
53905
46645
33121
76973
70289
76279
14124
8250
70236
11459
70956
51726
70422
73743
21924
6032
26015
36775
73234
28263
59511
46783
59141
31042
55771
48583
823
5201
65350
76984
22277
31246
65520
53148
16449
74621
50944
51297
68868
46504
33866
5950
77996
50495
37693
41255
33323
26513
22691
18569
43075
37039
27198
66386
8411
72781
49082
39671
10117
73063
34877
78303
3550
69880
4363
66305
45071
73349
7742
43598
3422
42089
72166
32761
77748
50938
52135
1869
49422
27827
34820
30400
37807
73463
76392
13447
31758
39542
62085
58868
50560
64161
62536
17412
41850
54142
10435
75064
16522
28743
20914
57160
9918
18295
57289
69977
39300
43418
33610
66425
21101
21648
35441
68589
24797
38603
74368
67698
72116
47336
8037
73134
56433
41264
4777
44819
28271
42474
38728
25107
1625
73472
2110
38188
68881
24305
46160
1925
65447
21556
30505
40581
6464
76701
26707
42150
33840
39212
48061
15824
53229
66152
38685
32512
50437
55249
21527
52347
43400
41898
11030
26466
21722
37878
25876
2812
74172
9275
73883
7538
68453
2156
66543
33860
31082
25087
58516
31972
6705
48937
25145
40677
70378
39457
50654
77466
75567
70644
74575
31031
757
27698
56235
58449
46916
73759
38854
36881
42264
67196
50390
2025
4612
31787
10089
77090
17425
63314
36429
37208
59200
29970
29438
50067
66680
72469
15057
55471
42170
50580
6645
51467
78670
50244
37441
49212
5937
3543
9137
76758
68613
76198
35245
22156
50645
20812
70426
50432
13263
28427
78429
50764
7635
45542
41871
21491
21867
66821
51321
39914
51280
2301
51492
16052
32208
51920
64669
34725
4433
52259
352
76644
1917
24789
30702
53147
22200
40647
15836
65707
6964
27131
67118
24340
66122
76077
27345
67120
66276
20582
68681
17446
30568
44556
19191
6363
56690
54063
73257
20745
59070
15864
11247
76980
72014
26214
18286
23569
23919
12598
38981
55275
16509
13926
21542
15150
49377
25476
60685
69507
33115
28566
9347
44713
8205
72077
56471
47876
24004
32414
66477
36393
39660
65179
48075
61220
71038
61695
53075
79022
30926
18757
65000
20926
28560
66210
24728
27526
48976
50793
37935
36123
60097
66490
77753
56769
77559
17947
15133
48612
24525
56051
20644
5478
78633
24864
59915
33756
5237
1177
78527
19923
15494
6913
48566
15388
30015
58510
68512
73855
16682
37447
65351
19253
29587
23676
2045
74978
42228
60605
9628
52167
79431
6189
32723
36335
6400
54085
15731
51305
54676
52294
25047
6633
64557
9022
49888
11728
75380
64453
38973
48744
33219
60199
70273
63401
56054
47753
21458
19519
15002
50517
62587
57520
6278
20830
20533
35276
45343
5043
20883
62854
20874
29686
26872
7730
28705
34360
2017
26554
75358
76370
19510
19704
78693
38694
58642
69807
2063
13554
75306
76730
68002
30879
74104
43170
14141
6865
30427
78801
659
61794
70797
68662
48821
8119
59612
78643
70322
43379
29642
73606
44213
2188
79004
61678
54278
60025
77887
33036
34728
35442
20148
79125
54963
70718
15363
54130
66435
49354
72339
73828
48503
62318
43518
31881
8039
15713
15387
33020
19865
48861
7470
47388
76883
32055
68134
45268
22345
60612
26059
10184
25811
17902
49238
49188
39163
46059
56586
6275
64536
44738
60169
43596
57249
32673
29340
73622
75580
40149
22897
44675
24488
65922
25816
35312
49527
69111
44426
7431
14370
67786
58460
58484
35078
35759
12196
52428
465
17275
60341
31863
56306
66070
77854
9586
3150
68394
73230
16131
14758
39162
65924
21508
61779
24454
38410
70481
4878
75421
61501
62953
26434
53003
54020
45429
35174
76301
44355
78435
43325
44914
42251
38283
41134
6901
5178
74410
20146
77176
57052
58735
27791
21373
29000
68224
3042
69910
10569
19892
73728
5393
46573
61612
55060
44429
29755
67879
931
53209
54893
1326
18850
3995
78809
75431
78081
26481
66945
11865
67261
19703
39318
72210
42952
64330
20125
45375
73316
49143
37313
5329
34618
75897
79982
37856
23109
527
13432
50462
42874
52552
41609
41166
48892
32670
7704
49881
67720
37127
64674
4557
60527
65580
25776
58132
32030
4834
41466
38923
39485
8750
35071
55385
75989
70940
19031
47287
25175
76290
50902
38231
5549
76380
71872
24075
4291
29695
64342
78124
21258
14815
25895
47437
6091
35867
4130
5218
20708
38148
24904
44651
46232
73421
42436
48433
78681
40778
43264
48202
45571
57367
19446
39296
31475
67472
64268
20260
3541
10502
38781
59006
28928
3827
33620
63180
71478
72429
73163
76663
30216
65704
75714
6746
57171
8760
53772
23427
78724
65367
12884
17299
31437
13836
49927
77474
7525
38724
16879
38134
42966
30323
30023
57419
7941
952
8255
20346
7085
10045
39278
50777
15255
45280
51487
68234
43909
10387
3284
18477
26545
75602
72395
60820
32161
55790
71733
32875
35905
69640
47952
62461
33738
63494
52169
64579
22665
60868
68068
68271
27759
38874
19711
61039
34614
34425
55785
78168
43027
1518
28178
10456
76238
2928
13423
21278
55104
39912
4610
55461
75479
39117
6480
67952
17950
36365
16843
65647
9633
2788
6847
78998
73631
77758
17771
51012
13925
6300
18425
25966
18193
59310
59133
67058
21850
11830
48760
48928
48733
6157
7876
71114
30685
75071
47118
12800
76271
71687
43769
7138
62586
70517
22086
54824
29936
24094
41315
55744
19768
28355
22725
40842
66462
75791
10919
62067
29038
62969
49725
66066
17625
30784
57913
70197
41521
54849
36
26012
57886
11737
43460
20173
29681
41350
2891
78839
24012
4277
16971
41265
24811
44236
78411
37904
18316
2190
72711
2144
36310
40910
78110
46654
4861
52635
65152
32317
63612
33706
30908
10136
40227
75601
2954
71395
43215
16656
48901
13427
72577
5346
21330
37032
8394
44369
12696
43723
25111
71663
77546
19318
28331
75055
71232
65905
63089
64374
43446
30720
75939
4084
68084
14507
41797
46733
36469
78736
60671
59720
46149
14737
47133
8577
14740
72942
55061
72544
20457
79474
60684
76233
9661
12839
11112
55942
75398
9327
33532
26536
16966
40414
46532
55654
8485
45581
78877
64806
71777
61161
16031
32329
68794
54507
38219
15411
50942
33971
27719
79249
26576
62954
7429
59313
37145
58957
47136
5433
56589
3726
59721
76621
58585
58403
3569
34832
77516
24866
38352
29004
69198
16056
40678
50714
30881
29327
35285
1743
28588
44815
44520
7907
72295
35249
19027
2757
6985
40084
22915
54636
24103
79176
72650
58097
62122
57480
56628
34201
74472
39415
23101
7449
34412
7625
76200
77788
32565
43899
76116
60701
36142
62627
63302
70860
40358
7903
50584
47474
39601
43273
14092
53807
52070
33767
25843
11975
64093
74606
22738
34344
12163
13522
4696
615
43175
65907
28941
75841
62136
4578
6728
49963
62143
73090
14485
43039
1288
35263
9166
64031
29487
46195
20107
7612
51818
33531
50241
27116
28170
67730
79341
66678
74833
20540
69794
70438
56917
39695
37478
45222
67871
53759
59892
72174
21449
43653
49984
22921
27104
35984
64683
19311
25194
20927
24164
24364
29026
22835
73970
67682
39828
11209
77686
79523
75110
54283
58744
77778
6262
5747
21031
66433
68253
36357
55007
28371
24735
50509
8685
27587
21743
69522
26460
3176
62928
66018
46154
49255
68698
29003
65678
69826
41245
55826
15714
14786
2323
62630
79020
39376
72705
2463
51351
36323
78628
26701
49510
35471
36789
79892
13226
14927
27413
31086
10563
22792
23872
37817
79112
24201
58529
15001
5398
53814
42684
12446
64415
67973
45215
46076
15303
61355
51511
49107
33885
57862
15017
14882
37324
55921
44396
8841
62023
37055
58799
38926
78656
31556
69444
7341
42688
7587
20106
22723
79517
71466
78689
62338
25759
62121
72147
27910
17458
21322
6702
72
30150
48683
68750
47082
12811
77904
12801
70491
58085
24085
33387
69729
40784
20884
2655
20248
11014
77930
20868
2974
34259
54369
28312
21809
25573
52129
7966
13906
65292
78739
62645
21410
48833
69194
19527
9462
1334
55969
68319
41976
43197
15566
61793
38371
67117
24957
70876
62921
30159
8992
66889
16082
31377
39866
60992
7416
60094
24222
40690
49414
32558
53436
2121
31490
40282
64856
69427
50046
71639
60728
3119
40426
55434
51750
28098
28615
40315
23321
45276
7759
70343
43316
47124
79153
21435
37047
65364
34035
54233
65917
73003
76374
66486
5511
78664
72249
49959
58823
10601
1314
33599
39015
38567
30405
24444
50110
7156
78676
29461
22500
33667
29195
21878
53830
57830
31331
48973
46588
45370
44272
26753
72420
13094
39691
77331
55703
7494
32754
78770
12672
79642
66630
7060
42625
23520
36638
21927
34997
19746
20324
43729
35532
73458
17815
148
13030
53192
67993
2822
18086
18212
51909
58501
58057
10482
68357
10144
8418
53335
79297
8335
51822
42146
42141
59431
44594
6925
19635
25127
31438
54605
1420
78387
26822
40979
5407
12285
15042
32340
10457
17355
12695
64092
64309
49593
76250
38288
29167
9683
15464
27460
79598
54318
11524
57776
17931
51114
43420
47644
49825
19291
3135
26311
5546
64645
72141
74927
1362
48909
4911
48811
26828
63989
20975
77641
15152
7021
38705
7520
71990
74273
70539
4856
9338
69200
12949
37646
58194
63136
50723
46127
59817
551
32653
34770
3821
57142
71294
38477
21802
22494
7332
56653
10834
76319
34515
22818
59119
58129
39075
75680
74821
41370
26644
23699
17167
56424
60703
59361
48066
66299
15506
68349
18432
4400
79260
65306
34627
13651
35042
67976
73123
36487
24717
48439
15986
24141
68578
39258
65013
35439
29367
14191
30160
75032
70571
69037
54912
62158
68269
63114
30705
46372
49622
42127
48035
38752
20391
35143
18840
22983
17479
4693
69192
14813
66809
66207
36366
76415
73086
13370
51812
69623
309
79403
39638
75549
36594
41883
21128
43495
5502
30142
35696
6483
29097
54730
66032
52335
74919
71361
76335
47794
32845
78454
47346
22112
76788
70591
39648
66853
70776
50289
64371
48876
36940
15838
15620
3069
2078
31818
5197
78933
37641
23928
48388
68001
35957
6960
18171
70141
52002
7814
9902
35834
50351
35183
64080
2003
48896
73816
26044
12210
43363
40357
32645
71971
40483
34320
51784
21056
71727
30805
28621
35741
9207
62681
36105
13161
15661
74809
54979
49335
32500
37618
58865
65480
35607
23551
10262
16314
44565
67448
60983
55990
44572
36619
14772
22195
51336
58108
40234
49228
1886
38029
20786
37121
70950
39202
631
44409
62702
44172
71228
12399
28223
2595
25495
42524
39247
74414
24515
74083
48790
74249
60462
67530
61910
43350
27416
77110
39055
25013
3129
56763
52607
40970
76042
63721
15472
49452
73896
792
41174
2510
21507
52450
73074
50307
16321
79365
79819
17147
18925
21981
51176
48410
35124
10947
78570
50319
68436
51517
66344
54054
12115
8459
7388
70168
10120
45211
49151
34332
16503
41745
38565
72220
37400
37248
11133
22689
2536
11928
72265
7690
34859
61225
11581
49671
60378
42895
18208
8942
76440
33081
38217
34321
25946
61663
71382
43717
30266
50505
2219
57995
57569
76055
10858
18734
56405
33530
11158
64244
9159
26702
70280
13453
55787
68368
20253
39268
40210
41083
11994
28796
34221
18138
12790
10946
18650
24888
27458
31516
59603
37781
27765
78845
58272
62562
50157
6203
44423
70238
10078
58023
51602
61927
69710
21940
20802
12809
68038
6326
36134
14097
71095
28803
41513
39974
14170
39257
49901
14276
3805
19599
1599
27511
14077
70879
46725
18485
38049
73619
65599
21955
72120
48555
17268
22358
31423
37019
58280
19269
44418
9895
14409
72765
31326
53803
71454
41605
75713
40955
5374
50323
66705
63480
64708
27945
2612
65262
79281
12266
10646
20476
11554
25762
53125
66693
10765
18579
49296
8651
35374
4745
45545
67416
73799
7650
76970
51830
17049
31383
33072
27389
76416
67842
44438
66001
76285
79545
70315
45088
56988
26790
19545
35398
45531
48536
70267
78074
73751
35062
49259
49311
76182
67073
27644
42257
25258
5499
12669
19874
26493
12565
9864
35229
8396
38904
29928
59961
72919
74207
78808
6187
36148
20296
20317
44525
13615
74008
73810
46485
37597
22998
11350
69283
46874
9916
31763
35165
40822
56805
61567
48044
18417
16855
19562
41815
74057
21555
54628
27320
13415
579
35377
14334
39728
46472
66998
52484
70233
69544
49113
73378
6806
73634
34883
45351
45956
37026
44582
62786
50179
78672
49737
34937
30585
71347
67986
57535
63365
73270
49758
30324
76230
15147
15520
14073
43583
63736
9464
70399
44159
76474
52356
54570
49518
43934
29058
44921
70071
49048
35072
44450
36082
73179
62481
67490
29215
45536
30187
12320
12169
29294
79310
56835
37687
13347
8208
14906
18588
24391
56923
37681
73418
37898
58562
29891
32866
42635
60226
44632
63846
55397
42913
64062
21935
73942
21043
24634
57882
22636
69645
26474
36212
58007
75983
23835
37295
34638
3698
59312
8759
76033
66074
31878
75401
19380
404
57461
53540
56087
61182
13255
12032
57365
39907
43623
23795
53399
73442
16489
14685
48888
38055
22822
20308
49252
2189
15673
35529
62257
70211
31151
13013
74848
66315
4547
56594
41223
12784
30480
43511
1341
55447
76755
65875
17777
40643
46490
25750
44892
47246
28412
5816
74267
53339
53308
9993
62336
25771
63686
37995
19759
8724
43753
39657
43030
36839
36936
29145
50953
43282
71204
37752
52712
58657
47412
18322
79595
60450
51589
70138
53199
43837
60763
53098
8108
65473
42670
4513
6696
77352
26763
63609
53373
19531
60187
79519
11266
54712
40945
72437
76744
36093
41966
64003
22743
55552
7991
36570
21629
71337
5351
28697
31297
48593
50036
70911
35496
13271
55987
33640
59028
21490
73527
10453
28434
32901
52896
50162
34691
55869
8843
17835
39533
38152
51377
11960
77239
41049
61610
38516
716
23616
64482
45623
45297
38230
66196
44341
50799
76431
47227
64555
1614
69411
41770
16438
40527
78636
54419
30129
23947
28067
22740
32034
78394
30337
69853
76888
75374
66958
53476
58286
65934
49623
68922
18810
70379
14732
75108
45181
49015
2526
31667
79911
62462
17036
74444
51656
53020
21863
15846
27459
4748
22154
47349
72716
31688
40334
754
9007
62592
68013
13068
25188
32139
33567
4810
24566
69280
66261
65625
12969
38016
38913
10626
10220
31484
4801
57960
632
63315
79501
60157
29779
47975
39349
44498
66584
265
58000
59927
37880
74981
25320
46566
30597
18635
56102
51786
18880
73396
53924
66233
56026
48470
34354
71715
3680
73938
16786
20183
44266
27947
405
26598
47680
24082
12426
78146
71956
15642
16002
53634
72944
44308
13338
38807
41828
45538
26301
55644
71841
59626
59379
54215
76398
57238
70771
60948
15954
18503
44631
52154
32098
37311
77426
63026
29558
54340
72296
1208
15970
63468
48351
41013
14509
21062
6831
14228
77438
75623
31946
32330
63219
50737
27229
77773
79533
27651
35932
12031
24174
20676
41399
47028
46503
20043
12513
26981
8443
32576
4308
72414
3183
24241
12650
54171
35577
45738
63961
33616
40993
62151
53578
57962
51356
48293
68821
42400
2280
74517
38473
24673
20870
47954
33382
12499
23604
5488
34126
68781
26022
55632
49608
68556
8716
74345
66811
78382
61477
18218
7339
42036
78737
9767
64550
9814
79109
15884
14267
18327
42296
13812
36030
35096
60087
47546
21638
18416
25973
23181
51308
51520
18357
8979
17513
71694
14830
45980
13715
38284
21880
67329
46482
541
34456
17055
75268
21276
51846
67137
60602
54949
67300
33982
24430
76930
55351
71060
38106
29015
10713
12206
47642
60071
58697
38657
51566
42624
13660
32807
13054
50818
52443
45863
59879
79870
39034
79624
561
5271
54987
60881
31002
16460
37825
55470
26922
6272
76208
54223
77842
61281
5266
23134
51609
64751
67452
12639
9354
6362
33822
61191
50677
56596
63238
48746
47065
59545
46337
38500
55581
41228
14683
74872
16914
21454
43343
57695
72398
53711
75096
54936
51578
21063
15668
50871
23736
72998
62512
8971
13806
40385
10495
59964
1021
40518
35427
45044
28445
30366
37629
57015
47734
16196
32877
8222
48999
1328
51258
47908
13816
71570
17447
42853
55908
18829
49153
63987
67018
4786
77018
43431
22961
47425
35908
42912
3307
15139
5156
76828
17670
58186
7354
24372
46941
3338
39128
59527
13443
71135
38872
59519
7560
25717
67750
20307
50007
37101
75720
2585
64636
72344
76196
37793
18137
52865
44719
65468
21523
53625
44769
1230
56557
63478
25370
4434
6685
67683
30514
15812
66358
2478
68718
19424
75084
72693
21285
64247
75754
3082
4169
40273
66189
31389
1121
34100
55375
73408
48514
54292
65162
52128
15365
45982
22452
12329
38027
39851
12021
39633
1483
43866
31839
2852
35968
72103
38885
26499
55592
70941
39430
18963
12944
42949
60801
21281
51163
12217
64613
45346
7804
39942
635
48914
43091
4051
8439
19659
29747
36300
20006
52157
48191
6952
33912
29390
52606
62141
74431
68675
61291
72911
32979
6006
59061
42723
71631
2123
46535
11797
48260
70301
45450
23692
15455
67529
12681
9333
26991
78936
39639
32706
13709
20873
59323
51315
32475
28591
289
25924
78243
43962
62161
8268
14394
51287
48699
59374
55748
66120
1893
36810
69502
13232
42017
8978
58219
78683
56095
20103
62147
230
28060
43108
47827
61738
12945
16480
77653
72547
73159
2362
20548
61111
63456
28405
33769
44960
52878
53963
36924
58216
39421
31721
46583
47614
56758
72996
55867
865
36205
54473
53601
22392
71153
49988
28670
37566
40309
15121
3170
22070
59225
29606
70989
49266
20169
39309
74834
4550
19316
28424
56201
1965
69433
59411
5141
1444
73094
44817
47410
77538
53973
44656
65504
52312
26623
56685
65714
71604
33045
13982
72305
14572
62848
16823
79917
68074
49894
69968
32792
6129
27543
56192
49878
19915
76786
72273
21689
42010
28273
40028
60805
41431
22178
21075
77183
1892
76687
31100
6471
44718
76052
70960
78706
38836
24227
31286
74793
10610
74772
4272
65309
7255
3495
41567
4927
61320
75704
3159
4858
76262
34049
62507
76585
74628
19690
44539
30648
16628
69509
3925
62216
49242
31811
67889
52907
70727
16913
32437
79003
23417
47039
42441
42796
79071
15016
30007
15438
17048
71166
29491
911
53137
70547
38406
71136
11640
5978
53085
39655
51295
1506
36055
58732
34306
23792
4621
35941
17213
63048
61062
63801
60855
11790
22864
13553
6567
61906
64001
12597
52768
68454
62201
40027
8141
29440
3682
66164
2853
57061
27011
60216
23906
15689
3443
62138
26657
68801
31476
32372
21718
79244
70409
35600
34147
19155
52942
42662
73231
3015
33681
33692
41668
32127
18566
20069
22733
26893
41678
50005
27213
50414
19052
25696
1430
48117
27036
19045
29011
63871
23279
37983
3058
33582
23249
39078
77059
19179
48525
21626
48827
28426
16098
36144
4854
3865
27029
4041
53691
15611
15933
2464
4707
33124
30554
8508
60296
40068
29724
69666
23282
50149
33098
47514
77755
69021
73630
32951
22482
49169
22192
56418
73800
49310
50418
45206
6782
24260
53322
24656
53330
25469
30803
61404
75862
25059
42044
37997
71290
16394
12701
21076
55760
25337
7223
69338
78300
66257
68528
17596
53066
36514
75849
51148
72187
59533
19617
67537
21832
19709
43383
9311
13343
58379
27984
10020
45251
54715
11037
39854
52708
208
34333
8154
74672
19205
73614
73425
34617
62750
71008
59622
44421
55909
71314
21054
34568
21021
68942
54649
61792
12408
9362
61920
3825
6290
3659
2643
65572
1591
21190
43312
69386
66656
30356
75947
67468
17453
64977
44781
52632
62668
77886
73331
19942
45653
54400
53379
5076
13768
39557
71097
35972
67521
3666
62358
13140
18334
14408
68825
20920
32349
49490
52115
26286
6932
18434
48074
30134
70091
69876
6758
38434
77107
44416
72165
29333
31986
54705
63918
64777
76364
67431
27177
40265
23442
33649
72175
23156
32515
54727
28467
12039
40546
14895
61008
35816
62212
31808
21919
43086
28761
9452
73722
67298
75582
66123
25363
30679
38237
76775
25445
2566
14945
46388
8711
12454
75505
17714
79454
64573
39682
16676
66856
31719
64997
27231
77834
49885
25154
69403
54111
24436
1010
74694
57731
66508
70978
62703
78601
40251
14243
50827
77156
17622
4584
3076
41974
30153
15723
13762
48153
43339
68055
23165
46423
6628
53108
22690
52533
21403
28720
60149
11
20631
3915
23459
59261
17606
40401
28215
27735
51606
2086
11150
75069
74349
67403
9867
56619
8188
43674
57628
26524
877
50931
45652
60354
59969
14008
47315
10959
37906
19832
28448
52420
9269
29674
44070
10587
24482
76565
63476
39862
6853
46716
63670
31388
58402
15217
6354
5234
60258
42540
77957
48302
49448
15094
24347
4107
28620
38022
18545
65607
31223
3597
582
22472
52328
40430
37619
5897
17583
23205
12590
37300
56898
25005
29897
18933
19350
67965
70936
59629
11123
70590
29033
55004
48195
18312
15935
11969
78361
79528
79949
33110
8301
51080
56252
34700
36980
9925
12263
1407
25179
65698
53343
8000
51441
50464
47535
33786
72483
36700
68184
45836
4490
1502
5249
40032
64679
70720
12532
35079
56551
47016
55195
18881
15985
22020
15384
67275
16695
65652
57053
43297
59996
63676
42385
6185
79774
36567
22405
31385
74909
2982
3607
68724
65046
13350
39425
34431
70957
7487
76739
65330
54820
36020
24109
1100
49939
32421
71240
64866
76331
66537
2919
60079
12566
12439
70021
79283
73252
41256
6663
60502
46803
66078
8925
75246
16860
19973
51617
23544
1918
31387
47656
31909
3286
28571
23
57783
35297
38635
75010
39313
38492
64400
60768
79070
17909
2629
35421
21453
31478
69022
16019
75036
65884
51743
78096
25395
65725
33934
54668
8559
79956
40898
26593
55011
72091
55045
20261
60181
56455
75373
54034
75050
15110
15477
72927
56550
66668
47282
9566
2163
70120
44586
38583
7442
46492
47257
58414
36617
66823
30092
70101
3771
35541
62553
59653
56947
22842
74993
63171
11390
16590
57831
34217
10602
44928
853
22006
27105
63521
50477
28917
46522
35403
22159
63742
12865
74071
11252
44456
74744
12984
50882
16426
64786
25490
29752
73644
36022
9875
54655
42229
25957
58034
39204
78618
36070
75620
22839
57448
34514
46810
43278
78870
13431
12268
28777
51402
62992
36696
63933
15753
3492
55683
56248
63608
73470
48988
48528
73681
26983
64877
66373
59517
73035
22470
36778
27965
1760
66004
59035
2361
13052
25237
65522
23039
24095
40295
68326
3704
22605
75799
40240
20919
43022
60020
66691
54711
66626
11436
36034
14230
51428
64603
9006
53280
16764
5354
19691
7123
25611
4113
65417
70396
54071
48990
48174
2652
56982
28919
40143
27978
78484
9316
65291
50468
31949
39658
45228
39676
18356
23115
65342
1818
11905
18174
20422
26588
5984
26630
5033
5477
16293
41551
1132
23527
69183
57610
55509
9509
28727
8621
18753
37527
37584
23144
53856
57649
34654
41250
55384
22222
25766
75826
73195
38891
70360
19795
45649
33551
5560
70268
52781
16429
23866
66720
77572
12415
60570
53942
64481
40962
34842
4821
19689
60984
17323
50048
27850
47988
38896
32413
33294
49858
53789
8350
39615
37811
54801
67882
48910
61999
41277
70386
19470
43953
28027
58325
53518
74359
63784
50768
18622
21712
41445
30454
79495
45757
53445
48022
26278
75545
50069
51430
6570
68494
51825
15645
38080
63875
35334
5884
1550
79268
61867
62566
3253
76276
3813
67571
25555
30579
29489
14890
76465
75070
4003
7987
47482
37323
7838
63126
65928
56839
32201
67301
70944
42458
71582
28095
77832
74219
32652
12013
66951
40053
37292
50260
50539
42487
62894
18668
57926
79724
29158
29658
48031
13037
18761
24197
28192
69563
71286
59439
42270
43293
69240
51545
4411
19139
78851
26648
46823
30077
37795
51737
69020
3204
24764
17945
25580
26421
20858
29270
34671
338
17636
56458
47944
15592
31273
68758
76382
33563
76156
21805
4319
21819
71106
33878
45150
32111
69559
29634
60384
51332
75796
19466
61316
33736
38512
45634
74814
23071
49020
40328
52222
5452
43044
66060
55954
65646
1513
46418
30327
73677
25333
39850
1755
17759
77535
54735
48489
77728
33350
10550
22092
66673
38265
65767
30526
66737
74140
1233
76938
52829
17353
62159
21734
45963
51460
15329
6682
63109
6903
27589
55174
22495
6675
26008
2889
31140
20779
34698
17621
4439
44701
79964
102
50964
31938
72072
60086
62942
31391
332
52813
2271
58047
39932
75785
69619
50542
30503
12994
25808
13558
38780
67626
57523
11689
71417
19207
58803
18491
74569
24014
1292
77797
75905
54074
13422
2960
75254
48967
49763
9431
69745
79254
49424
32626
13923
22366
33413
63345
64788
66240
51026
18392
38917
58279
33881
34338
58418
24472
18283
59237
72887
64106
39895
32805
53416
66198
49769
30614
46613
58921
51983
41791
16501
54850
72567
23053
23958
69290
16341
22193
19173
55000
76753
71458
68537
32040
26159
56826
51921
46377
12966
14661
77837
50250
60401
77992
43507
9388
34667
1264
75792
21072
41584
54686
51084
73926
36433
64443
51637
39611
52807
53715
9719
39386
43758
16765
58925
21797
7229
46096
50247
68105
74200
65768
58361
16521
66181
31188
66618
50548
62088
26846
17309
59385
73476
841
1820
75574
76242
25587
21347
26207
66772
68469
40042
50576
31483
56607
67980
30919
55250
342
23925
57825
75234
54881
20904
5289
14651
65439
32660
69156
19250
44958
8344
41500
7215
18628
39179
34518
14036
46349
44195
60975
30863
26240
72519
42969
68348
1619
39206
69707
37013
66850
23980
59962
56463
57272
22246
72789
11457
8909
55835
56910
44753
55187
6190
42897
23339
39661
9848
53193
13633
18842
64833
13838
37819
40300
30527
27098
29562
14150
61734
26093
18000
22702
69721
24840
29286
35076
65386
66735
74468
21048
41582
24631
41832
56859
10266
5809
41310
67915
59652
52306
36359
33420
26641
78066
10437
62501
35341
57026
53606
71336
61654
70351
73499
66768
35794
78597
6843
5210
78270
30199
43719
49827
54521
26747
19239
33906
18570
76558
33455
45679
24803
41155
12766
77243
72928
68524
59198
59094
21311
48400
52918
29943
56885
20151
59053
56624
77953
63873
13011
59428
42603
11618
48567
50872
54859
21238
71628
17325
25708
12522
49830
51135
16757
6971
58996
37792
32495
11569
62738
40668
60622
14056
6811
47163
12771
16698
15517
39423
35155
28474
46795
60127
67904
52
24026
74194
18612
75860
58190
54303
45883
52952
21509
20475
6293
76421
37238
65456
71237
46545
32073
51323
30778
71408
48352
77101
17492
76820
45032
22700
56645
21756
78704
64438
19303
77012
73327
70074
33675
54564
45239
79827
10365
49899
50429
48652
77627
43887
70748
19474
74058
48728
25838
30750
68904
70522
47120
42750
24889
68840
9268
31321
35527
34958
12758
48872
75896
64640
12493
78567
34242
71383
70609
38855
72685
24787
33384
12315
11628
63276
59929
36845
917
13479
8770
57453
53134
49699
46323
49783
835
35603
34545
58046
16994
7193
56141
57343
38273
336
43537
10015
54920
63173
27258
63008
20877
65119
54424
27490
6658
44798
70266
58534
9863
68663
25401
24190
48259
57955
4294
8206
5090
4014
77605
63053
26351
34825
27590
43895
36684
34553
65851
25831
54518
27627
32538
78333
63678
36782
22806
5790
1277
74565
37676
1837
13454
8438
53010
76849
4288
354
39061
77143
20236
11736
22950
3792
35546
9339
68577
25349
9203
60568
24308
33126
25021
77975
18760
69243
76281
24152
35709
9348
66551
54426
11305
46640
57853
10780
63773
4956
24280
9870
69380
68360
695
60933
4763
20089
20313
3437
70093
23374
16166
42129
51850
3410
73570
51473
6307
19881
71209
79835
69606
15961
5817
14146
59709
53072
17647
62760
52036
30716
860
59832
68000
20559
74462
58715
78675
56199
74287
62013
4938
32598
46186
32604
52728
27277
62288
78248
48538
52288
18348
44571
14405
21199
27681
36267
78655
1486
58914
26716
72390
67517
38930
76525
15513
32337
67901
72090
16887
7391
57274
64935
36536
4945
78098
53152
49592
14502
77844
45787
77266
78678
9966
33270
29617
12891
10845
45378
52311
58656
16497
5597
1174
67122
19862
57330
67019
38006
33543
47236
38506
70840
46759
63300
66896
76834
22484
69921
67394
36209
14816
65983
29770
17277
60668
9747
1662
43673
29921
10748
12162
56330
52345
21073
60752
69053
28045
35574
41991
71953
19582
74505
8449
73061
64491
47446
37727
62893
74627
43879
56992
28924
37616
67944
3431
19788
27184
74077
267
23359
18649
61765
2401
7414
8953
11757
2489
37074
6845
70816
40846
45550
4662
667
77308
28748
12934
75201
74132
7270
58481
25963
35668
29839
65355
63632
10875
22336
21719
38200
6644
64570
31753
49511
47677
43376
36884
27428
64870
32586
17757
60722
48376
45272
50798
56366
67406
50161
54434
45840
26577
59058
71054
41695
66127
72826
6340
76960
48493
67595
47490
62155
75281
42559
30507
78890
20035
3936
72357
48741
9788
2780
39188
19807
60473
60431
32094
19919
25581
16930
39086
26967
33236
53923
20185
59251
74221
71071
21983
78345
31030
63789
68544
27710
40422
49948
28493
70000
79353
3877
73775
74421
69238
56264
63091
33070
33598
16007
65877
57684
11015
23720
79490
40145
37105
72978
30108
3195
5762
57322
34595
15785
49127
18807
35220
75583
45399
56439
57169
77458
11041
22642
72888
30214
67270
51303
71282
22388
15104
51692
7504
13408
9433
36865
14835
18543
57870
6280
54533
59087
75894
78455
65972
34697
2781
7393
6283
69366
30608
13386
67477
79524
59630
70629
67697
33470
54512
39033
6763
51892
36968
10787
16665
54928
20424
22571
60747
57763
79120
37135
14443
32336
14371
70785
8510
2443
52341
68198
53997
75985
26649
17368
61419
50854
17751
54568
30172
71341
28990
66028
43301
66833
20821
18573
54856
37470
12990
58457
34216
75037
1995
51859
68809
46031
75621
79950
71550
57893
46726
25656
3930
2641
13249
49182
6578
56808
5361
65500
58291
79689
60482
15740
13034
62355
34305
18133
24615
5528
9530
53109
3624
78627
42699
66570
5878
45611
31068
61620
27970
64635
41858
26113
11049
805
26796
2957
51027
33617
23233
78711
39840
37069
34008
46272
53648
54485
38866
25236
36041
65290
34093
59383
20834
75116
4630
9172
7575
49597
20472
51174
4565
68430
32969
37733
66556
31221
65539
51077
41625
22994
35284
3215
15214
32707
64895
78354
12718
23758
71734
38604
33086
51266
34994
63297
70249
55377
45523
79017
68876
41188
72479
72424
40190
49472
17085
10367
34722
9825
36741
49318
7938
7105
14204
69955
37892
73285
74201
8549
14452
39232
30482
29927
61658
23034
12879
25703
72669
11210
30613
52303
41453
34523
57375
14753
29339
27773
60815
44871
63138
41550
35335
15807
71140
71189
167
78143
79753
32844
38286
31686
65023
69214
25405
47115
71096
68962
53328
28718
68085
26366
65247
10628
72348
59900
65190
21329
77210
11211
18030
28177
46205
76664
47048
43579
19827
70080
56154
13241
470
40050
29984
3257
7977
72441
11405
69997
74817
44587
16127
26531
23343
1838
18515
65579
53719
73753
18747
72403
39136
45691
55824
27554
71056
49877
35930
46768
54551
38013
9805
79535
49308
11386
69746
63106
46708
7454
68831
55063
59878
11570
66263
12706
2787
994
21448
2308
29372
77424
12458
1229
49863
66043
46287
18464
40455
9986
14363
36330
78228
13362
72233
29322
16771
29092
7439
42703
4816
20629
40555
42611
5680
12251
44298
3001
40023
28033
23475
26025
32291
34583
6548
38530
41000
26296
26233
54237
16949
36027
25887
5887
74583
76437
30604
40475
26738
76918
42178
2948
27354
29967
24718
2980
64020
1268
14475
24706
43427
23921
120
58471
11170
33818
6173
58830
38986
15109
39816
30616
20848
79792
26719
1659
22812
45262
65655
44987
60411
31144
76493
37755
32522
73715
35015
25034
72184
43672
13478
13471
5362
46629
79117
71190
24667
6861
9923
30499
73120
70261
17381
77768
40791
57259
8471
67453
15338
33317
19454
69582
60306
73718
38544
67602
66098
32268
2223
17704
58689
44217
15495
68580
53627
44447
3735
16076
66295
18131
7460
22868
68073
21930
11809
65153
40092
72035
24979
52270
49822
27099
28706
59278
33958
52074
43321
23990
55102
75323
10494
14757
29859
61416
56271
13855
36295
18141
24527
58954
44900
65210
63532
12526
68346
28357
22029
76790
33761
3709
71909
43884
37510
34586
79520
6394
55396
51319
21923
64126
12391
3018
28608
72592
70710
78517
58074
11286
6757
26712
67241
12665
56714
77103
66996
70663
60826
34986
71896
23629
51821
78477
65099
70169
8565
3779
379
45709
42834
14610
25293
24136
32988
16071
39867
44139
69978
23965
23178
8864
6888
37994
26949
16895
60816
33149
48497
33872
51216
71496
69319
62047
56289
43401
44963
31079
71851
75669
67646
67082
29061
7410
32561
46443
13426
1485
50210
49135
23087
65574
1113
53886
79060
16227
33292
48137
57366
10702
23060
21706
68593
46315
56890
37049
23283
41461
59093
75329
13065
67327
21573
44388
42811
64459
19573
44022
56634
77285
58253
34173
74523
32173
65268
65214
41070
53369
26785
12117
22031
33078
31417
73820
75175
544
72231
31646
24120
69834
71832
13579
29290
31781
14043
58652
50893
63343
15667
78102
52821
62040
38848
12281
73579
73547
11274
79459
5917
63634
43816
77323
57422
7095
48619
5623
76806
15799
75534
30005
72600
8888
23138
51194
39083
71125
3589
20910
46707
51003
17034
54544
59944
40460
70157
67566
12747
45134
21487
48685
50679
1034
10125
18958
47683
5161
1848
13586
77132
22317
48038
73639
70199
41398
45322
9581
34605
59994
18654
74753
23618
16819
63469
29180
57837
78334
9824
8980
3714
76833
59909
22041
37452
49277
73393
31995
3939
32926
7068
47471
47170
41389
30706
54699
62571
37143
39785
18618
47785
11516
31062
49092
60699
7203
57473
3868
67796
54379
64685
2920
37830
7955
20803
28831
46602
44672
75745
41054
46351
16515
30582
10632
48573
21980
63253
53095
78957
73742
25547
52470
17134
10452
71803
43378
40881
65137
8290
37620
36588
75212
12354
67559
9355
35373
39688
32313
71793
75386
76263
49870
1712
78348
1525
23097
28367
53889
25438
16611
59040
36591
49307
19767
19445
38212
9816
54190
4298
54287
27786
53331
77991
5960
50710
15703
43635
11735
41840
57954
53149
51579
73450
56194
45244
67000
15639
14864
60873
46223
24999
54325
5677
67190
19575
51675
33997
51168
23858
79981
64125
76946
16510
38183
31539
64245
12727
55564
69547
55792
10162
69898
16028
39098
7323
78355
28635
69943
39672
64353
23694
14079
31312
44814
47749
21220
66601
30152
2125
34114
19829
76322
54110
71000
17410
4121
17922
41186
75855
34774
936
32594
47664
2582
67089
42806
40501
48305
30377
11756
58100
12253
5655
64957
29678
59877
4061
44742
3507
61598
885
8224
37068
60117
29324
23155
60027
52565
33193
46345
75735
75650
49574
19540
26304
54031
57573
17352
11930
14840
3130
29692
1232
47470
49312
86
40006
47759
71480
22533
67148
76764
79836
70257
54787
334
15075
34611
77357
67693
77553
9984
37282
77202
55203
18326
5967
58143
77423
65854
7428
24171
24123
78848
10775
41209
72788
7956
13919
62028
38074
54394
10971
34783
10096
11038
15514
46789
10899
30734
1286
78013
20235
67062
59510
8091
14723
5684
6989
78775
69046
53276
40392
2944
9135
49773
40355
78506
64347
2901
29368
33886
56281
37664
45357
75493
59447
76081
38344
44087
48848
40015
10036
55180
66367
20376
29723
21108
52153
47283
69852
21080
4420
60034
18546
38688
23881
78379
37223
36048
70910
8951
30364
65090
19113
38689
26774
42083
69218
71375
43425
10562
62095
76397
27522
32004
31597
9579
18993
3733
53091
31278
43555
51526
30904
71223
852
16723
15167
23253
39381
64781
16554
54586
73874
9209
27983
1717
5907
53779
48333
49997
79123
70868
53086
40610
24179
36135
21843
5868
63702
63482
32365
35177
40350
36078
43828
6171
36861
73353
57202
46687
11046
20008
10827
13537
74740
38264
78494
6860
45403
73105
54630
11663
51242
31800
64875
79343
40010
14857
43813
24138
47381
73618
47465
26339
42416
51711
9282
14986
64715
31531
70670
34713
28091
74599
44177
57875
14506
58049
9634
79242
33144
72695
73014
67108
14307
61428
61310
65430
73427
4386
12356
44863
48089
4223
29526
55986
28477
75389
66360
17516
21264
24863
33207
65405
22991
46995
79770
20217
67735
42358
31152
5573
34457
31459
79762
57260
77275
72352
15533
75957
4772
46593
79069
28685
21337
17124
61700
21714
30761
69926
14328
61579
36168
34414
56326
26923
37378
17566
2798
20216
32973
57119
70882
38703
53057
26260
42582
19499
59673
57301
36021
25828
183
56579
76074
28115
58183
306
35046
36939
47189
21153
21133
17978
75316
20546
39690
28541
69672
63459
24447
61990
14266
43224
58596
26502
52089
32113
47494
23326
73528
54771
69242
21439
75648
53844
11267
24453
77643
47565
42573
4379
25023
59872
32311
31430
78498
13894
11781
68307
30785
77343
27122
34689
66824
39337
64211
65951
23773
59749
37331
57640
66345
43374
47089
58946
70890
26048
3320
55595
32684
47884
14348
62238
12108
74917
70622
48046
8557
5678
56737
55691
30834
23184
14586
18167
49663
63119
71929
66908
37627
4366
55402
15155
36785
60177
2324
61576
73423
37432
12179
32464
44526
31119
10095
32757
72549
32833
46322
71940
15867
23270
48375
58790
46357
13782
37493
8177
20990
51766
30515
66250
10475
22510
56404
49697
14171
4594
11430
47332
48779
24683
61124
35014
18608
28348
34224
11954
31252
2972
1469
62113
76049
36477
36089
77485
49292
52015
47522
9605
8985
15161
12878
66241
42152
79099
6527
40725
65408
36543
56134
4811
7201
2802
40515
18936
57481
38328
23722
30460
11020
76559
64282
18121
43726
40844
73025
59020
9857
6502
10434
34797
46266
20589
58607
8067
22035
55580
64910
10428
7893
15891
40747
62522
6859
750
64450
79850
48962
33062
70034
24605
59014
78371
72268
38138
23122
41663
55903
49221
76314
47713
13124
13932
35486
37201
58644
27672
37831
79637
17764
74160
39977
49359
3131
74409
37091
57848
69912
6600
1037
71434
6941
33299
22324
54550
10248
69440
36309
10757
12886
34207
3755
55885
36763
29580
74400
37969
8844
72863
79537
15134
48103
21964
78754
8523
23309
51990
25954
71099
8765
74356
55453
2680
12600
55506
33047
44099
27972
21675
44834
35210
77291
23529
22572
60120
41613
20153
10477
9015
69965
69816
63184
20105
37405
9582
66840
41193
49573
55108
50017
41140
77416
79470
68967
58308
76273
43138
39325
56387
68158
11955
15733
55667
9447
37327
12673
68324
59131
57823
52384
53042
35628
47323
35462
20701
30652
39241
54078
46824
36871
67522
64823
51655
71431
1728
75456
49519
26927
8176
41757
6509
38996
30143
58246
54725
35482
10773
76861
10530
49367
18735
12373
69881
32731
791
41284
19681
14967
65442
43664
46215
26300
42672
40195
59338
4066
46448
70740
60498
63685
65294
4976
22846
7249
51973
54409
53859
30286
61238
22203
33759
12720
63175
75043
1476
34861
70767
12095
41005
42602
42047
21438
66103
63606
23485
741
50357
11888
11874
71679
30876
48505
36906
4705
66498
39213
22322
21217
48813
69586
59921
13156
31190
4646
9722
43111
45337
48556
30864
14959
27942
14122
25491
34476
29527
24741
40479
27523
31216
49740
65764
46723
62846
46648
55967
29924
57213
1250
29315
12666
52743
37557
18431
67746
47999
62784
58468
35432
62683
74075
70231
77776
34929
35540
33386
43809
48596
20787
75605
71564
45113
60554
42686
78666
67996
57881
3211
70514
61900
16782
1824
35111
16101
50173
26235
11120
9613
63697
29972
51709
74244
14163
66743
41842
43285
34628
25381
27255
77437
74480
76634
70425
62767
32156
21441
2091
38330
40452
77092
51879
19271
593
6512
41406
66513
2211
51248
46238
48936
33665
38912
71767
62997
71744
62363
59168
72931
37988
4587
68947
70132
26901
53128
79947
44595
70240
61892
78464
44937
25310
268
64872
38053
70527
3619
31012
15580
34946
53202
6226
5405
43593
7890
42829
66366
65416
27703
19772
62196
52081
25196
39039
59981
21918
11105
40872
2283
49063
21982
55230
54076
65469
37907
7598
66689
17021
46316
71802
6650
31261
56846
71150
56128
14694
24975
2654
45333
70089
62169
9823
45118
66646
54102
10703
18978
38296
73038
43054
59244
45328
6522
5521
27976
16259
12382
25148
21790
24050
31693
72730
18648
14104
11512
49024
61958
78991
3030
42306
41951
54885
70213
38258
32772
71205
34979
55320
76362
57131
63341
70260
75475
67515
36682
21265
71274
17042
41859
64307
5338
10146
9304
71094
35583
57819
60368
4497
26402
22511
49684
892
69923
20670
39397
42013
1425
67630
186
34317
62162
4239
33932
43648
44624
4929
17486
63234
44094
42541
35148
15465
42864
49977
28314
11518
9019
28976
76705
23244
24974
69335
20178
29043
51260
13931
59465
61278
55380
68680
12237
2431
51863
57537
51857
56101
40724
43145
8652
14788
58764
78314
27535
49493
59615
51666
53764
18641
19477
28016
74961
60492
65842
11550
23179
42756
38192
44722
44793
44957
38249
18666
34626
50377
64945
78052
33340
50708
77170
22589
25503
27654
15021
3166
47530
78024
49714
9680
48893
52405
58935
9860
76994
66033
52790
70697
66518
55190
16313
78305
28122
12086
26590
2890
14135
52158
39
21942
67234
38888
51603
3850
47298
30345
41681
20859
68235
58975
7689
20675
56413
44796
78968
49693
58709
19692
79230
16791
61935
59639
14655
66560
45112
66363
36058
1710
60209
16070
65559
57230
2203
67742
48968
35425
27842
12342
19560
36857
50672
50463
50635
28497
71393
24117
22320
36146
22618
47389
38470
79767
62827
40198
29269
54698
5709
21877
8870
44190
79711
51906
56170
36854
33988
14453
57470
63840
3221
70692
56643
72797
45307
3000
37287
50097
36720
14635
41867
41945
3481
70742
44531
58437
68195
41599
76676
14885
48181
79196
38646
54495
33398
71882
44108
42862
70114
19774
11677
31346
25700
14587
6620
744
36185
66702
4368
7515
61771
51961
622
32543
43692
57217
10505
24773
17335
22745
49462
26225
78652
1459
32768
78480
57215
11901
26563
29919
65962
74276
66780
49665
56530
35336
2636
12295
59783
10297
59875
79347
13339
56879
50271
42098
37364
16919
35131
49986
34536
58508
79759
1847
57039
49273
32469
10885
31307
61822
30181
53780
77413
42748
31143
51127
34645
73207
74466
44263
44097
25028
67818
25483
38707
62325
33320
58555
77054
78007
73494
25291
59007
74315
19019
42308
64604
75538
68306
58087
45252
30738
42460
78917
74185
42842
71172
37924
79969
12703
42419
60486
20375
70099
32299
78005
32593
36598
66530
64552
11138
47584
78641
22997
10812
77277
27015
18790
19175
29249
65989
55204
23821
12909
53171
10267
76956
53724
73848
50422
18314
23770
8021
60485
75871
288
20485
24854
12804
58270
76751
70400
62382
70005
76386
51052
56708
1946
78095
27699
67929
73379
53610
46224
21215
38595
65411
45983
31267
19670
38552
49568
31146
10637
53621
62882
39788
46468
9945
21789
28365
52615
7647
79377
54437
38514
64399
58469
71659
52939
33998
36976
60665
17650
64747
8249
27603
11317
57932
51505
29014
50309
73663
75543
41866
3652
67606
6497
12412
32083
60429
6084
8996
41696
69169
31584
38308
25454
31367
16114
64436
40317
66695
34765
77741
62167
41145
16960
75370
9560
38420
77113
534
68560
7094
10904
28542
33625
6102
77192
19297
74888
31492
50389
29939
78160
6575
40940
38418
17521
51539
14491
28133
54596
52196
32930
43703
22680
6895
1016
50096
17401
25505
7295
63731
49449
20511
56136
69734
20396
18313
15344
3358
42639
46348
24490
5577
12116
3511
67741
53034
15013
52330
66935
67160
56705
21183
8112
76269
33727
48436
63951
64615
74379
38757
6726
60369
44
55628
8948
46013
54134
42687
33516
17226
74639
39185
27818
69336
33175
71200
21389
10848
28472
3497
64629
75753
41989
12235
46998
34636
29094
17536
69861
6110
2022
32862
74084
2165
31537
15416
25936
4963
15861
3773
70329
45922
34331
8374
115
14856
42799
9277
23908
22926
749
21115
5296
60689
15572
15983
24906
43236
57846
76637
17814
33784
40100
73697
35948
37886
67070
7733
48071
33891
7320
40652
39390
38745
53848
75042
57671
46632
20067
59046
23378
23989
25694
62337
76422
48706
74910
60964
8131
413
58514
3381
37204
54065
38229
54729
73933
43945
28704
6350
36823
64100
73361
17663
73770
1953
28922
37918
12911
25639
47938
69506
28886
34020
15567
77723
4225
13467
44164
41933
72207
68305
34136
47854
45127
28393
7676
36544
29042
21889
24039
28248
35659
75237
10930
41292
16829
64610
75044
38128
76446
11279
73483
78684
15600
61515
44605
58945
17684
6876
2008
73151
220
33670
45279
31353
63450
44018
24751
73460
75384
4531
21984
45100
14399
32575
77158
1394
3232
44833
75295
22440
8347
14379
78983
43309
34085
52845
57449
32258
17122
58504
22076
24939
14715
26196
34597
54188
31783
60608
23478
53965
28129
26036
4388
7212
75351
77247
4832
76668
39722
650
58789
46844
53659
6338
46342
14072
16284
27072
30806
21829
42295
77312
76401
72513
31924
45075
56067
1891
34668
64529
20049
60999
11368
43991
36109
34622
8467
79421
60659
41607
75819
9029
64819
36961
10937
60534
20997
48762
4227
39571
24549
79808
68817
8542
49008
38121
29515
69679
43752
33838
43829
55831
69344
58315
54553
69652
64422
37298
26309
30868
79613
50730
10118
40642
71192
18293
3373
6593
54066
39584
10850
59714
27265
70915
68152
70671
37535
48389
66672
22554
62416
32165
9471
30060
55773
22174
42431
61083
78558
32153
2355
67172
40984
42096
69104
68933
36108
3539
9498
60418
56971
3960
50638
5476
11626
33182
48094
59729
9250
22256
42031
15424
21098
72538
76110
54785
41548
36662
21869
3508
72660
41491
13673
67309
69867
31731
1888
10216
64853
54489
36210
69717
11585
739
7139
77141
18250
53333
73684
18160
65216
37507
39736
25140
32279
33059
1071
67727
77157
78970
70667
45310
4915
13486
1480
12405
37691
53665
13196
30571
75900
47076
21827
46922
58944
23265
74598
35731
19898
53946
58063
13381
49438
51256
68911
76592
73560
28094
79903
45882
70824
29831
58817
71175
52648
16608
50751
3706
54216
70049
59691
19379
61932
47573
68814
3330
30434
11244
8492
36606
18381
39540
69337
7607
65168
31648
75343
53509
18910
56503
51353
79828
64655
46734
70398
32714
70285
68949
59103
65566
78571
56684
26888
26161
36263
8583
35656
27669
1857
58766
38244
57086
69462
36908
66286
20852
66128
51653
6686
23202
78497
19287
75177
71070
35716
22225
50296
22044
65379
17054
79173
15428
9288
29780
10439
28078
48880
62102
21670
57016
68968
1416
44168
79240
40493
5428
46647
40891
39068
13177
70200
37114
15079
4571
72280
10758
12647
72532
52148
27996
18938
73733
64466
69449
25311
70966
25415
54203
78422
67711
18207
57856
27787
67221
49820
40506
64391
4829
13269
47594
36851
51067
13078
9623
72623
16904
38569
6924
5066
47702
53000
33746
73267
78179
3400
56748
71399
21250
70995
1450
6993
14530
3093
45401
25461
10836
12827
8541
65690
76221
12625
14653
60603
45102
47286
58294
3184
33073
32910
78424
77218
17348
36427
9879
16896
29870
13793
17993
44287
21526
78642
54300
16661
28002
22521
70576
60937
32281
3667
44747
66638
21710
6588
27883
78853
61922
53643
22917
12876
48251
10038
52261
11273
32209
37009
25941
71416
35270
31243
50721
65602
6794
48211
1285
10169
54006
57410
64572
49313
2744
29611
19649
20602
21588
28605
37421
14944
26806
27711
27437
69552
16129
42222
47824
44091
23620
55827
8098
35060
77862
63810
17016
36646
22744
2473
34235
21117
78067
75420
15735
76326
406
70531
60573
40606
69576
27155
72286
54519
49286
3679
46276
10847
39280
16806
40996
6152
70700
46066
77734
20824
37883
50071
34196
36860
76882
20131
50917
23535
53977
6668
27087
22813
58336
76161
20384
7764
31514
53377
23176
9587
14779
17568
29106
6128
73500
75447
19824
19521
54948
9419
77213
68339
60893
48846
18736
66375
39837
49457
43438
41211
65973
70216
54832
23516
58779
21820
57742
22400
77577
32116
5165
59088
9335
23189
23182
25051
6444
16173
50012
39962
47533
18979
17241
34111
19940
28452
65096
53194
23498
26585
53466
12473
23304
48983
24504
36255
72457
68244
26837
20350
56127
24839
72252
5308
76097
54969
27742
25197
30311
70447
26906
75899
65394
47599
64620
72374
73530
27095
4117
57428
32935
75289
58193
65662
41595
22104
4309
45061
36371
64793
19321
24738
23830
70024
23956
69396
24934
45204
35939
27789
31127
40063
33011
47818
69664
57286
40699
40330
4539
51547
2109
58464
72389
37077
32728
75094
72427
18023
65378
7713
17278
69676
54742
64775
31530
33343
58864
58755
28868
39646
33034
57622
56070
34150
59914
55515
70160
72954
49398
2472
32787
37583
112
34386
77988
60276
68121
77228
5470
54511
32672
42249
46600
69818
14987
38783
76283
4698
51050
37762
5323
4418
69974
38819
8381
60663
60361
32468
20395
53523
7990
65401
19943
13773
46311
16152
39038
11577
2837
12765
40339
42425
28364
19471
523
10800
78732
78133
27367
1823
18922
29578
66898
65106
48055
3502
11776
43058
49507
58445
48715
15527
66418
46530
56983
52414
65963
30316
18771
17235
41489
21970
36607
71833
8483
36225
16175
59398
56120
41938
17148
57663
9931
33905
50091
21284
48712
55759
34822
18544
20154
1495
12989
54760
26416
57423
54814
68458
50848
78204
79124
48228
31281
59844
66844
47665
16058
10445
36153
43731
48329
8040
49587
16190
25228
23494
60213
10692
17091
23456
14659
44123
55124
12988
40786
15938
75365
28101
19084
3075
74231
23574
5273
52756
949
55030
68598
13776
4030
33894
33393
10459
79922
24670
56599
14422
22736
47736
59781
31497
52251
31301
75165
52920
48232
52957
75019
56324
64754
67229
57915
67736
63515
68087
54263
62955
16448
44410
56001
53353
60261
5922
31806
35876
19220
19277
6590
47472
6756
37319
74611
60251
42108
72624
53356
63213
73051
38958
9116
64964
67167
34563
61593
48090
37893
75412
50410
70492
28245
6688
56666
72293
58992
3672
47171
63105
43017
31679
67806
3323
79794
26821
17185
61491
51008
70884
67990
53166
60664
37804
17731
34249
21065
26354
69248
61851
16923
25128
47289
9381
6153
28978
50095
79983
4007
44853
59758
79703
30284
11491
30114
58661
38763
28837
3629
54296
3836
65506
58025
63894
46023
36509
8362
47383
24464
2097
16857
20891
59506
2528
14803
61444
46040
63108
45999
24366
3917
4703
14504
50409
14133
19218
15157
24597
45663
21219
25631
66807
51313
54701
5492
39720
44835
2047
39713
75014
50506
36534
1351
48425
43624
13632
12903
9953
64320
4469
41735
16861
51771
30986
42685
11423
9459
17972
30301
45267
65561
10997
44391
18956
31051
2546
70979
22951
59289
70477
69774
18576
25787
14356
41583
45750
51074
32494
46933
27477
5997
29926
34737
40236
15819
64690
13514
56710
54173
48982
27718
31889
898
26047
44020
35938
23090
9128
65116
5584
48694
2560
64825
61995
18997
43522
63041
65699
15632
61557
46984
32629
79456
34187
32454
55266
23218
79599
47327
78533
8232
54713
48732
26913
23465
52609
44896
70330
14383
64418
9370
70135
64730
43539
9070
68639
44671
10092
31837
49856
74108
61688
59049
28786
32183
35298
68761
33183
19821
61339
24054
38025
49549
78130
52580
74335
58664
55782
73020
15857
73613
28376
65723
41486
41119
72641
58655
31340
13491
32856
399
56058
2403
56169
69792
7013
18389
22509
7978
14120
53658
25046
43764
65303
5911
79838
24556
49220
57282
76012
40982
12258
1832
60878
29590
41740
75207
10286
79977
7271
60888
27414
69477
67208
55357
40951
64562
42159
57646
55727
21429
61319
60207
46464
21786
41499
39997
22942
32790
29840
31071
59845
79250
48190
69849
79282
53829
51203
18931
29867
29008
71105
14137
67232
72521
44589
56802
12025
33836
33250
3483
15383
42814
55548
531
42678
69778
4546
23556
43793
38870
62146
35827
64559
27571
24767
69908
57399
10813
75366
16827
11114
29165
14048
49216
51277
50821
5042
50035
22239
3186
47964
10655
78766
61087
12090
53321
16162
19125
37023
4749
19344
25732
78850
78621
12133
49867
44711
37617
11089
73660
44517
726
78591
70108
13419
43807
13017
6552
77580
29814
64134
64702
42265
50086
21318
77608
18090
8084
71895
896
61356
53481
68852
13954
78995
64223
59910
5070
28707
64311
6652
13474
59306
76651
67260
13464
23330
27004
53287
33291
9375
5005
1092
72899
34087
55701
68827
49947
37698
28503
7658
69428
28291
58986
58910
35023
37586
67246
31232
15613
55772
67263
68987
63814
18064
44470
61965
33719
73958
53763
35319
24389
22077
71691
6308
55746
32630
58578
10302
15373
42309
71539
40437
51354
15153
60383
53138
30091
19822
43159
64437
34069
23577
77852
15463
25664
31914
63284
71785
14797
23106
50785
68043
29115
14270
48960
4661
72468
77412
45741
74963
14078
46893
50
55688
58431
28775
60001
68096
53173
2201
17145
49802
2525
36926
4142
67071
70131
73402
27941
37377
66201
16192
31181
57208
44375
8775
70935
30448
32520
21470
25295
31675
65623
42489
55085
3134
32711
51592
31820
57879
63359
12202
44216
26884
1140
16243
2392
64643
7134
1311
67212
53725
37103
77980
13236
35742
6582
22575
60989
46033
69667
13407
31592
57660
21641
54557
19150
27412
38132
74464
5355
65433
27717
22296
7566
50228
31645
33146
41200
5099
14400
70163
49455
37686
61908
19023
51157
15227
71866
39592
71089
68640
53884
38279
19013
18400
43237
32455
25206
32247
61510
73323
54838
46442
35166
41320
63904
30326
72851
61768
51118
47813
28268
19449
56363
65443
65695
66573
44712
63571
32119
31559
29563
23438
46961
71622
6207
55735
15543
76105
38044
11671
79050
79531
16079
22374
13859
49945
18278
35287
35416
23610
51130
33152
13027
73242
43783
76694
28286
21612
10393
31227
17345
38517
76029
17611
45527
75157
44102
79444
8470
40453
61133
29513
30218
48465
53341
2884
65528
27662
10564
74429
25523
24169
26250
22843
66371
72454
65914
38389
21316
28519
52666
22558
26208
67715
24698
39147
5951
30624
49036
65622
5894
36054
22282
4720
1505
21188
75555
7204
17844
13222
19166
39414
10927
65870
49274
71138
32656
48219
64365
43496
27261
33212
41576
56327
25788
25600
14718
34596
59701
73549
78169
17581
68546
5637
76959
39167
9492
12298
13448
28589
43188
18365
32407
73431
56083
48955
36265
54631
31908
77006
17667
7111
21180
16040
20765
51943
22001
50722
62031
45454
53348
8161
31733
64414
30835
22376
8686
13714
55419
36384
42977
68913
11861
4067
44609
46704
18024
5931
41358
20352
13080
61988
60977
68996
66707
19018
38911
14377
53332
40662
17096
4410
36235
37783
31250
28872
68642
38246
15717
22483
11883
59578
27395
51389
45687
31629
66583
13063
27481
58434
38313
59772
78623
58989
79113
48884
3228
55083
16507
66585
12530
45668
38739
9913
79864
79919
8649
2991
16267
9638
57979
73532
13777
76893
33418
73760
68274
35049
66515
59790
69300
56470
50473
11881
43678
37732
57898
51611
75807
13437
66724
48758
69686
20674
6636
41811
52313
7599
78376
45008
926
49303
22065
62110
23768
60135
17976
34915
5961
42250
50915
6140
58503
41382
1491
38177
79938
24721
24298
14796
66624
13737
34281
67648
13774
48154
37391
489
45806
39507
3926
21990
31373
58517
31588
7321
5029
42650
69030
17683
30951
41886
16958
68543
40701
439
30871
64772
38677
32058
38630
50128
61004
35987
65400
56546
20031
78214
62701
72142
78213
28980
71511
23671
17062
47230
57329
59375
38193
66245
35265
38276
20668
44189
14254
34368
54827
57489
9761
32284
64594
59429
63326
63261
23969
48135
53720
28059
2107
12721
64952
46574
36317
26767
63313
79198
11892
2230
57251
55222
53538
15293
15670
51706
58777
44951
79649
60247
41341
1324
59556
37556
14696
2898
34941
72795
35431
58474
37036
65890
75118
41018
61907
28529
36975
10396
30535
21158
44830
29077
22143
66365
73068
74243
59651
70652
874
40714
60618
69532
281
4699
34176
56081
30911
930
13695
23642
45608
38833
10503
54696
12763
56998
19006
36717
21401
54266
42860
21951
46872
68685
14277
34230
79861
66470
75360
63038
18270
43936
29749
47828
17588
4774
3630
135
50342
69128
20958
3772
67935
48203
29082
44836
5595
35112
18522
71251
32832
43914
33890
32008
2258
50571
26011
30196
78281
49976
40888
25970
20501
66168
55886
26
35329
23301
37382
30695
79585
25746
60047
70973
54876
60765
54056
32562
13507
28160
17080
66019
51987
51512
68171
12106
33178
57703
44619
56398
63195
22808
63861
12429
57216
57735
21144
65589
6482
21324
31053
52038
13693
44707
58739
286
48478
43846
36633
2146
76498
24028
15523
35401
19675
31540
24937
78175
47068
56925
41958
63196
47925
27930
26823
55929
55625
47342
49683
9572
76892
60332
62802
48409
12002
22488
3777
55709
13970
36073
63573
8332
53135
34428
66080
75478
11366
9097
74691
7326
23048
32799
41384
31474
63488
49453
43897
21032
65250
602
38206
34073
49387
40446
9110
79079
32982
36157
15039
10683
75170
43372
60012
27577
10962
46935
2145
53116
43411
61157
69635
69993
47384
39402
43351
31846
75153
53233
30543
65782
53831
60686
44744
73511
69594
20718
30469
5995
31504
55141
76349
9838
67462
49817
4486
56964
58879
72379
75396
39095
41656
59339
19485
45768
33849
39434
41914
79290
65609
58798
22616
66793
24417
28636
19117
42849
29253
44644
46703
77785
65237
45208
33583
17644
31276
29163
9052
37502
72383
12007
7726
54198
30518
15401
61179
57277
22625
36694
73001
77436
76341
47735
77004
2669
52111
51549
63883
13257
42772
5148
3884
60445
27767
53904
11200
5608
64611
10179
9319
74664
21759
42917
58604
61040
48143
68066
71569
62693
22286
75838
78306
4141
69571
67551
26323
68550
63843
18317
62171
79406
7372
21534
46193
45012
22295
48944
34060
18969
23534
68452
34961
35353
6998
28836
21941
2550
68715
26320
74326
8001
68892
30242
25108
11374
55976
49956
73154
11153
73468
12950
46546
15205
73137
59090
50117
34913
22560
39112
37140
70252
33929
4852
30331
33459
74351
2615
16809
32665
4743
47284
24808
9350
10116
61730
43225
38791
54530
72128
70218
43415
45141
7480
54645
35544
77321
67094
70184
62994
79328
7606
68115
61993
16125
53319
17633
192
33128
79345
68041
61068
62127
74516
78173
53255
48126
13927
69142
17711
20512
33574
70194
59134
33983
64505
24544
45952
6282
2132
56938
76373
261
20150
48338
41187
77530
61287
55891
62074
20841
45196
77560
66301
38060
22306
22122
3217
11467
68803
18789
16119
58873
59412
70446
41380
22039
9562
653
18475
16821
74443
50194
29909
33859
71747
10614
72099
39741
9054
71450
20820
5231
76646
69603
25693
72992
17785
72058
14293
72160
60912
57566
28521
7337
29274
11397
79814
25967
57438
229
30237
53207
66502
66016
20614
40833
53236
19086
49486
17285
19141
32401
29365
68332
29284
12293
38147
79087
44167
18204
44254
70483
74835
3864
2749
67858
56267
657
38179
29148
6023
4329
41276
18575
59513
25993
60635
60065
24113
72498
4074
3364
79894
231
68834
5802
28894
42968
10689
9591
53182
50996
21352
14369
61914
37048
44513
7498
54290
13247
69077
10261
47053
35817
73822
7577
75477
65808
69387
68728
11788
52123
18967
11559
10513
47275
6258
64472
50808
16360
63595
7864
42111
20749
29210
21390
79475
72185
65353
56969
69956
25662
18042
62447
39022
11157
29531
62008
10938
40914
60271
39289
69726
38419
18106
34967
68056
49949
76896
67788
8022
31420
79114
71625
5262
76875
45556
55465
57490
70760
30017
7807
73888
70006
41688
43727
28747
55856
1846
16831
65702
30411
45142
13163
26779
79330
79379
66930
38119
11707
68711
60152
78725
43046
61373
15480
32332
8610
23741
52271
50400
65100
41511
11213
69434
66333
64840
26933
45537
639
30591
190
18740
38472
57296
40814
55594
6815
10825
71779
70320
24577
71572
24166
9453
72136
1363
13378
22449
77443
28188
46487
64614
35222
55865
60344
46855
30249
24163
18752
34612
5648
16781
8606
44696
34562
67548
6690
38857
24927
58679
4091
35862
2032
52709
50494
7467
68155
43995
48874
64090
49022
27445
57592
48151
72629
15254
55332
77519
75156
3345
14342
16494
65786
58367
14284
69149
20213
76460
23815
1640
62297
8591
75834
53733
3423
49037
9516
48700
4558
58589
57469
51343
3124
77500
18004
21156
6218
63454
6372
8573
48037
20871
31759
42304
30827
74554
55401
17563
9793
25562
40024
41413
55128
62932
72811
10989
21198
47374
49917
46171
76375
9631
38146
78694
25152
16672
18402
67013
44946
32178
48898
31336
38245
44585
77137
75339
40101
71809
33682
12110
6716
6891
49118
66258
79051
25532
69068
47616
53480
31011
39856
62719
49759
55519
20936
19288
55226
66364
49703
54396
22078
33488
71486
45257
6973
46554
42706
55991
21112
41947
7816
70493
40558
48337
27363
30807
58041
78242
8409
64988
29353
11006
9356
40112
307
16618
40096
48132
48963
43471
42958
54320
10795
48643
70887
13675
55679
7696
20911
22972
35280
25517
26217
56780
76657
57643
16634
24140
65933
16331
74235
44673
74280
56358
7527
11747
20772
56647
66536
11510
44930
56907
13435
72169
12585
77056
78680
54995
10496
40520
2724
45803
20906
20184
59098
49402
9636
37304
15860
69419
12601
60041
67205
48678
75782
31160
32881
79932
41983
74252
11336
62116
20314
64180
33951
2092
62788
76582
76449
47414
10081
53351
7832
69090
65615
76165
60817
59717
59382
35855
13643
59826
29904
4971
57312
50937
55032
21685
14234
41032
36739
50524
64527
67803
64980
77722
45551
17286
67442
40177
11088
26437
36999
29023
24606
20114
19983
62255
46185
31869
44275
64880
36201
67941
38661
43453
41299
69339
58082
66132
62973
65800
21530
35198
36869
44500
42394
75473
12419
63457
70107
34089
68046
58900
31445
78451
52474
3598
5004
50498
67149
37651
33322
69414
40431
58062
6780
67110
65991
50211
2218
55404
16730
17557
42934
58332
19281
54524
437
78188
34406
11297
79152
28478
65839
76456
76325
29717
36114
25077
61629
31857
32060
77609
57493
68571
29087
60483
12557
4256
5342
15337
5333
52645
13095
46162
25951
52637
61848
21253
18746
20289
6409
35744
78878
11026
29977
16041
73932
14862
38123
51636
36877
11553
61130
64890
75974
46694
75675
11151
40363
54937
40215
29223
13273
33364
31163
17748
3436
41480
40614
74674
61601
43007
10745
56216
76051
46973
15087
22788
10346
79096
50077
14063
15650
26006
4794
30573
8563
54679
66654
32584
16232
1830
35588
61240
20167
5056
34510
33653
56880
25537
56540
62369
41424
51301
33510
72528
54189
56172
20453
48660
38841
65948
65221
27315
1076
17966
64815
55153
74818
13789
54224
69390
55741
26904
33673
41214
18980
60599
50212
46778
6279
35537
39529
14537
55014
56804
22168
6767
36821
4318
19804
48707
1638
58809
30119
13819
23274
37562
38963
46381
38351
29173
497
4477
52201
15490
59328
18599
21155
10717
55038
77341
75325
69780
55296
62530
65199
41019
16423
79750
67441
58811
44829
416
41824
65334
12997
36995
74452
73310
21915
72235
61839
54595
4686
61591
17790
78370
2810
58411
70355
45574
12480
56985
13353
8200
48650
73266
697
8358
63414
14401
57999
52747
72334
11530
74366
79306
23214
40550
25574
47658
33693
58955
7422
39596
72351
25900
47934
74846
52789
33339
36830
4892
12933
75399
70311
5270
61790
33688
69028
37083
42247
76087
20333
76312
56005
39574
45588
47111
71002
58366
42418
62020
11118
33333
61168
74682
43366
37035
48299
75009
62602
38812
19192
39447
13811
40296
20228
44255
27601
39307
65624
65864
35460
38043
23902
5444
33542
31255
35517
20364
62056
10186
16854
52439
55053
29454
22066
45778
73807
4269
33976
56184
23336
24677
68257
66083
2037
5580
60031
37716
67238
22131
61534
63974
4850
38355
68387
64069
3086
60472
48518
70415
41812
50627
66251
63220
76643
37533
44680
77885
76562
44643
9273
2199
69100
41087
29310
48104
73389
61391
46183
29267
18101
11238
881
62194
30383
49851
16892
53475
59281
60514
6420
45475
76255
11198
15266
56193
74638
61985
5718
179
41495
18415
77454
55672
18915
20575
42117
21371
50586
39341
17089
8916
57034
11686
39858
43779
23885
29472
56526
18282
74958
22120
23658
13638
41984
10308
69587
64628
64004
73374
55624
48285
12417
58439
62785
50303
32189
61826
38290
57958
3077
69285
20748
36740
54934
21314
48326
52212
68581
54144
50801
25804
20907
69320
1630
67672
61572
74949
18336
37726
28742
42535
5724
36104
19956
1280
22737
63036
23258
75988
42496
33990
64843
45773
65357
45184
75350
21624
54362
51384
78298
21933
29476
4059
24383
3223
12959
27750
26698
79273
40882
64531
16364
70361
63275
5871
51493
58806
72494
12927
23914
42992
73017
72515
10606
1955
61247
60871
60770
30439
64372
79682
56743
63772
17035
33512
7792
42185
44260
68284
77394
54255
12082
41374
33135
38431
12519
62334
33939
5073
69409
12364
1350
10059
40967
4952
51638
55720
42429
77075
69461
28227
15011
66219
70641
59407
24219
8217
25711
1078
37056
75500
35692
52819
62577
34295
11215
67544
48311
49652
23350
66242
2503
48298
11692
42762
3874
25575
13323
41415
35364
18063
65332
72167
27980
75331
13207
39027
71729
35277
49042
76955
65058
43443
76510
3954
64011
17127
7272
48393
64734
68855
78156
14151
41477
77661
35837
39252
38271
55898
34496
27636
22455
69524
54326
74474
79315
65462
60957
48411
15062
55762
23845
72152
15310
17938
79706
13878
48635
48201
60940
33218
65519
21134
34723
15060
66670
18841
35928
50455
6904
9290
28194
51628
25795
41349
30299
40838
19070
8813
21186
46407
12548
53991
74853
49983
57409
53556
75448
34390
74985
25105
61043
78023
69393
72654
40367
54781
46786
79543
55162
59507
71566
11455
56573
32485
1924
46445
7517
65827
11637
4253
39523
43490
2367
63303
34849
74799
64507
14039
69612
59048
14527
25362
34747
4843
18354
19773
11600
57120
46936
4790
8522
15647
62343
53921
16607
43549
46259
78852
71533
69170
61524
71707
73313
25960
52945
79776
41646
15296
20963
5617
76125
79708
61604
74124
24500
41197
17653
63079
27324
78235
46509
15624
41592
49208
78178
55844
48969
24640
20479
12599
10326
53387
35964
54873
69536
8548
5373
589
28792
18716
3987
5741
58001
16638
33558
30779
56801
57756
40013
66311
40193
63939
72933
57631
77983
4044
15334
6448
10546
56414
7905
62773
42319
13534
12742
37408
30976
35937
69121
9306
19475
47756
11502
35411
63660
78283
78103
31641
47603
31888
2814
6046
552
28970
79907
79626
3456
57482
45426
23392
19894
28522
49343
71247
3600
12390
50039
50166
60761
19826
28809
40803
9890
75608
79369
72918
54598
28610
42422
1017
216
36183
14546
46721
3198
46386
34025
23043
17527
43543
12409
2468
43811
64577
24365
6065
32841
67168
45970
24528
7370
40235
32601
34806
69126
40007
18721
57503
55175
41381
66740
60769
10754
43898
21391
79302
38979
74658
13489
50123
26186
9410
42791
47142
52825
44389
63707
3432
76000
30547
33264
25594
16385
58942
72432
20215
56951
28947
70368
10691
18830
79001
58629
21702
78073
2969
34703
79887
14389
4073
78202
61020
9782
20596
31106
20092
28815
74703
38045
49744
79437
12926
19811
79105
51495
6008
15430
60131
13148
51790
4173
37561
7350
63500
38502
19899
52611
33402
35951
5267
41160
30298
50636
55150
39224
73905
15991
24319
61699
23645
9089
27795
69036
42024
11376
16184
1337
68403
54132
55240
24543
64271
17407
27840
63990
67483
78713
78526
17781
63988
66835
65039
69981
44826
19900
17434
73936
1727
73900
3889
60987
56615
71342
519
65069
19502
54009
51132
1981
24709
53885
1192
29157
73157
66209
22275
3869
7436
59156
7026
18542
22000
44504
78920
20840
25926
18088
53684
61293
43249
18012
11826
29863
41724
34685
67280
54560
9574
35363
38927
21898
41620
40974
60050
31944
27491
73851
11166
49969
64352
35499
64720
52714
5600
51673
13780
52413
16533
59219
13214
31715
70303
10194
34358
77702
15026
34840
63226
18114
67099
65964
13684
38651
44977
47417
49915
71936
25628
74967
27234
50791
41526
47926
32297
23823
29405
62066
433
6975
17445
9689
714
52658
16407
28769
14926
75682
79813
9001
60167
44731
62950
43580
16338
14313
46389
65551
61670
831
29784
10097
20770
65665
8912
15552
46463
28080
49301
31665
63863
57115
68573
30402
78493
27952
42022
25810
16228
44472
18929
52125
68502
17476
49828
35713
41215
33743
62880
24433
7604
65030
57982
52594
48657
69863
66071
31269
29318
10066
63901
53723
21143
14687
20190
13526
53583
204
49326
40507
73406
24092
56209
25015
51847
32272
68392
12100
51294
61323
66300
9971
61028
78811
76777
17887
8194
67367
35415
17357
53644
38336
966
53186
67471
31049
20954
20298
54646
6974
26151
32686
28374
74501
63092
60887
71330
32458
37235
48014
12961
26606
38962
56587
6692
20118
33606
64993
44187
71285
15470
29419
78200
22631
38326
43125
19435
888
39925
26256
43767
63042
41716
39808
41988
68029
47669
45645
6061
61479
1336
24744
34293
17852
21561
45722
10148
11421
75653
40406
19710
991
4042
70810
78944
72062
14692
26595
67457
37436
20112
33741
59722
34469
6958
64630
35443
48649
14719
13153
72814
78687
70146
79340
70569
50130
48905
6295
31102
71243
61551
72458
23938
1173
58597
55854
78797
41833
6909
16012
30329
1111
58808
51218
64942
63740
48374
52226
79360
77759
9859
67415
52016
75626
4082
34867
22620
32957
50305
62470
55427
79572
1247
1316
28220
56855
52717
29853
3795
42283
1075
40637
32554
22634
75176
42238
28822
71012
37002
14852
41231
72125
7882
34145
62022
15976
9190
73106
59397
56568
30772
21482
71445
54155
11980
60848
41904
71183
72672
5708
49804
23370
33863
50648
78431
71499
2344
24276
23502
17772
11204
69054
78518
43574
43035
42469
74062
12109
41132
50547
27729
60134
13999
27075
49488
49477
29979
70284
13110
67274
17306
57905
74778
36280
13328
48954
73543
46142
38458
60750
1769
17008
7579
5561
50981
3394
14035
22703
35197
67320
64768
75679
35922
69779
75434
22477
54938
34824
53899
75787
32362
21892
61856
15776
79758
69368
7934
19748
39569
19211
27253
75936
63121
464
53496
73867
73546
5272
78438
47862
40307
17705
77112
68481
32147
28734
52242
41677
78512
43220
70383
70314
28840
74541
7608
621
48705
33439
7848
6733
7741
51668
58492
10050
46338
32920
8721
68467
58420
28914
22
2311
56672
13008
26613
66803
48268
9541
14639
5097
76658
1448
68523
66451
53334
36136
65450
24571
45230
23682
165
45821
54915
71754
17262
10893
59728
29252
18488
44382
15897
68202
48335
77989
17512
45139
21810
70920
46668
59848
70047
16001
14675
13955
71488
19889
21139
48592
23337
14265
17936
26043
18974
41621
50366
35613
76132
37335
32295
5888
30133
38649
3944
21383
51604
77159
6154
36014
60970
72873
40874
34974
61758
27187
2555
51095
20756
51044
6181
51951
29338
29227
76291
11306
22469
26881
36793
71893
618
67719
31175
59392
16548
15204
4290
1665
19282
55283
78582
40208
20888
64677
7528
64228
42081
20650
67286
1055
33162
2871
54363
35260
41198
77729
45632
7100
52798
33449
72016
79514
65571
58300
51399
35316
36443
63539
75252
14569
69538
57748
42758
66527
57439
76487
74858
76016
31527
68132
51562
40313
14577
72272
44015
6010
9817
27673
3197
60598
57698
61425
5778
26627
79738
39966
47296
60900
73034
52134
79034
12985
16256
79859
44494
32943
78888
37815
76417
42857
42173
73083
21707
59034
49534
38862
77533
19222
54984
17920
70997
62634
65918
18182
54763
72349
28612
60123
25342
75391
4063
35408
3522
26400
50089
1956
15123
72137
6727
17578
28381
45263
22056
72975
63712
65434
2533
51445
4962
70618
75847
34462
8718
30858
21762
40398
29497
55651
11989
64710
30447
61740
69088
32852
60947
61838
17078
31865
55198
49666
34465
10236
37131
18238
73241
69135
54268
58775
14874
18219
42938
7462
63976
51518
62347
39841
9346
4166
29308
23857
70036
52354
78207
21476
74898
45521
67372
14841
37529
12247
65371
58171
53751
536
54060
49876
11503
63770
63980
22643
6352
4284
45827
35163
30899
56161
74593
4523
39002
9044
70359
29072
28845
26960
29430
47577
53464
42000
2233
72757
71387
76372
75271
7825
44480
47605
37088
76675
61819
58814
7691
71827
8534
48578
22859
48775
17533
17910
66871
22430
39994
64908
36150
49709
66875
50059
50589
31311
60607
64497
72926
74284
61829
77268
77558
49546
51509
42342
72025
33651
54460
47008
70806
75213
79984
29234
22853
2485
10160
63068
21730
19331
58147
569
1734
66146
45774
11485
13102
46805
40700
39812
61538
33824
21884
50497
63306
29170
42069
38386
4438
599
64663
56904
57023
30428
51490
22635
35323
33319
51625
57003
36759
62307
74716
40523
38093
27382
66111
40377
18191
62403
3712
60784
54621
64725
46722
62970
77631
36278
20945
5140
10258
78864
392
32472
14021
50800
72211
4505
40612
67888
34050
18609
75244
69125
22645
47806
54121
76365
64284
33238
35501
14545
18535
38052
54852
7503
74427
58044
25232
59816
22767
52119
19263
26565
9776
68506
68627
57176
30630
1999
64749
32432
26149
74392
55246
65770
72809
12675
73526
26239
65765
19902
27504
20649
58409
28717
18472
61736
44859
9729
55132
26295
12587
79175
10605
6678
2270
68125
570
48777
9979
73842
53327
35728
47221
76976
76183
26393
32334
9320
12269
74895
27420
78927
3064
38172
75414
5018
20872
62937
22694
39090
16866
41723
13359
48602
22539
42415
78657
40322
58625
53605
38114
4168
9604
9455
21738
69832
9741
65990
6737
76812
4788
7232
31984
58691
35578
62938
20404
78397
34903
30786
11811
62872
38224
72921
60453
4957
67281
3747
12469
4655
5359
64521
18183
9480
73461
78039
18382
13828
79761
2867
24198
65503
38461
79469
45678
48030
47842
13728
40196
61939
22169
75931
11772
30385
60033
18794
14010
70691
53668
18277
66182
26089
54116
53776
22266
73657
39549
66082
37443
16444
23831
5843
20390
62985
49700
70988
70900
76531
22074
53908
61367
48819
75167
20681
71273
8339
53065
56077
40421
30938
48307
62195
17532
51924
7477
31070
13307
4461
52531
46283
30856
62083
13405
47581
76121
33612
72643
2050
74035
55256
5846
16411
39880
67378
50682
26046
63529
13253
29857
34385
62808
7652
50738
70846
44238
3707
1013
8338
2892
74635
19357
1234
24067
19073
21991
15663
4245
50006
70495
40739
22784
66414
19284
62130
63511
55529
71959
47634
16402
27397
6850
70247
72537
20622
74728
65465
13757
76481
7725
57172
951
21006
48480
4718
13085
26651
20319
24991
77709
17263
54807
16219
79357
44095
11285
54200
56182
38726
54339
69633
17137
47741
43924
16987
33844
43994
73585
70968
59073
38475
3811
11241
77120
25910
17433
24694
60688
37144
18718
10708
30914
39607
42511
23451
20762
25464
31621
43163
103
71706
16683
65126
61966
20456
11822
16835
42231
808
36561
74819
32166
67543
37606
39864
78359
12145
37099
23129
51980
63620
53756
34029
5194
11470
17176
54445
70593
75783
69762
8717
9208
468
23712
19021
29136
78280
68183
8127
52927
65872
74977
50359
12149
11794
63767
2886
62466
37949
2193
8697
37722
2660
45651
38621
23946
70025
49193
23810
6368
79694
50770
31469
44623
42221
77767
53647
31236
43510
18332
11968
59359
17850
31576
12035
75223
48993
63905
60854
3171
56677
68569
77421
11490
11796
63233
24275
15319
67114
28877
61181
39839
14085
46978
47311
7964
8689
36346
11604
72739
17696
39667
14892
8698
20844
43231
53650
47723
62080
8435
33464
71750
46505
32879
10301
23678
14494
75063
32938
46131
43981
8124
21110
46963
48609
67393
10817
52703
29949
27822
26459
35657
70012
43919
17699
15476
50585
2316
79900
36304
57085
37465
12393
71943
73817
27314
14556
69482
26293
64246
44241
8636
3610
22191
56122
75524
35633
79202
63866
39738
65050
54365
4893
43534
15409
51208
55585
11009
69132
26411
9660
16615
61898
36113
55618
76232
67482
18709
37412
5968
21994
53972
19071
34190
64262
51032
70460
21213
33446
76869
63710
31521
24883
68464
65986
59887
60705
47653
60455
6896
19314
26274
15979
6982
66552
65601
25467
67573
47657
42255
31132
17619
21875
46453
28186
12049
13022
62256
5787
29576
16642
8999
40144
36072
13336
681
67955
17005
61064
59818
74559
44634
36848
11047
20726
72240
38548
60744
35114
33570
71812
3036
78290
52381
55365
19267
2679
26679
66359
21159
24217
68597
50043
16899
128
18021
77514
54895
51037
15801
34537
51596
61561
21780
7285
7638
46175
45794
1463
50453
32250
64511
10419
47348
58565
31829
7059
77617
61249
50321
70509
38700
70661
17668
1367
34561
65586
65397
41633
70393
28253
47270
76226
70430
41561
57724
19910
43742
7458
34655
76185
73885
52256
27777
6106
1253
65945
7795
1723
28889
48226
51772
25296
69887
56958
57707
47181
12709
23439
28289
33700
42653
36215
74803
29585
55652
23623
1834
21642
35189
39478
53713
38387
9657
38282
37821
532
30934
16268
13974
34598
6249
57147
69931
38334
8858
65132
23042
19611
60746
70102
79142
49879
21788
45848
38586
48059
69049
74918
17617
77542
79644
20839
59502
5657
20028
11540
9418
54813
47618
38430
16432
9733
63429
71048
40904
10556
12888
76479
76171
55279
31631
70270
48908
48324
54588
34616
29060
6234
28808
39306
74228
9924
79715
22486
46701
60363
74714
56108
12063
31955
69177
14704
35157
9951
49998
54759
39599
60003
46928
24697
27498
7618
73578
72225
26441
36025
53414
28581
75355
4917
21879
26148
56831
60569
65706
58796
9732
68427
33280
27216
832
78918
32380
19651
13564
62661
15221
30055
5551
67793
5203
29291
36574
32213
66135
62651
75962
43219
2858
8519
62806
50404
17952
9371
6209
12152
48742
44207
58089
13171
64460
16780
62855
53303
25008
45628
8715
41313
64051
63096
40174
7305
49408
45938
6003
32433
23054
75328
38907
21521
18084
22532
73347
17287
75265
16998
24897
35142
30085
77377
38486
77945
37900
64864
13436
23063
35682
65546
70799
32434
38531
73594
68131
39969
61381
48102
74210
16458
22423
73164
58614
11177
66755
57425
359
34837
30586
37293
4462
79815
43406
17595
37696
56869
52333
40916
51911
52753
21695
26127
66941
38717
23207
53457
19462
47214
1694
28228
20037
34608
26112
76944
1189
62331
2475
67910
14607
43275
75576
25916
51646
21779
61007
30943
36677
26398
77380
75702
22716
33435
13577
57706
20104
62774
17746
57910
31799
26325
71483
12728
32835
61638
12377
283
60010
74265
70442
26987
16906
66302
66873
1327
29795
57737
8862
39059
18630
46138
27025
70983
23277
78949
13500
33726
39107
74736
18952
69615
11972
37012
54322
16096
6465
17812
72796
36053
31371
75596
59203
14125
63122
9596
49100
41619
59706
48675
19823
78412
35000
8242
16832
47075
3006
58305
55159
38852
53547
23194
75688
25834
76211
5118
42567
37333
45078
13428
74843
71885
33594
24567
68291
481
14282
39910
28454
71487
33959
4136
50118
29726
35774
76533
78326
76629
15754
35840
11228
54075
70537